77.82
79.89
81.04
82.71
84.11
84.43
84.32
78.26
85.24
79.49
85.35
85.46
86.56
86.47
86.06
85.42
86.87
86.83
87.47
87.31
87.18
86.46
87.9
86.88
87.1
88.0
88.1
87.48
88.1
87.88
88.4
87.41
87.72
87.78
87.87
88.67
88.74
88.71
88.93
88.46
88.77
88.29
88.02
88.99
88.57
88.58
89.07
89.08
87.61
88.84
89.01
88.48
89.17
89.06
89.69
89.01
89.49
89.08
88.81
89.05
89.11
89.31
89.37
88.88
89.05
89.56
88.08
89.72
89.59
89.18
89.21
89.78
88.04
89.41
89.49
89.15
88.37
89.86
89.91
89.61
89.31
90.04
89.56
89.7
89.87
89.87
89.55
89.67
89.92
89.77
89.35
89.95
88.94
90.15
89.64
89.89
90.02
90.1
89.95
89.87
90.12
89.46
89.7
89.84
89.63
88.92
89.99
89.95
88.58
90.32
90.13
90.32
90.32
89.84
90.14
90.29
90.31
90.24
90.34
90.13
90.32
90.42
89.96
89.95
90.09
90.12
90.06
90.26
89.76
90.14
90.21
90.13
90.45
90.34
90.05
90.24
90.62
89.81
90.1
89.43
90.12
90.32
90.22
90.27
90.12
89.49
89.2
90.18
89.62
90.5
89.98
89.4
90.04
89.75
90.3
90.21
90.39
90.1
90.52
90.16
90.72
90.68
90.24
90.45
90.56
90.51
90.01
90.1
89.39
90.38
90.36
90.24
90.39
91.01
90.36
90.46
90.63
90.55
90.5
90.3
89.06
89.93
90.09
90.23
90.71
90.6
90.02
90.31
90.33
90.28
90.28
89.9
90.26
89.73
90.67
90.71
90.49
90.62
90.68
90.2